-------i=0-------
0 0 0 0 0 0 0 0 
0 0 0 0 0 0 0 0 
-------i=1-------
0 0 0 0 0 0 0 1 
0 0 0 0 0 0 0 1 
-------i=2-------
0 0 0 0 0 0 1 0 
0 0 0 0 0 0 0 1 
-------i=3-------
0 0 0 0 0 0 1 1 
0 0 0 0 0 0 1 1 
-------i=4-------
0 0 0 0 0 1 0 0 
0 0 0 0 0 0 0 1 
-------i=5-------
0 0 0 0 0 1 0 1 
0 0 0 0 0 0 1 1 
-------i=6-------
0 0 0 0 0 1 1 0 
0 0 0 0 0 0 1 1 
-------i=7-------
0 0 0 0 0 1 1 1 
0 0 0 0 0 1 1 1 
-------i=8-------
0 0 0 0 1 0 0 0 
0 0 0 0 0 0 0 1 
-------i=9-------
0 0 0 0 1 0 0 1 
0 0 0 0 0 0 1 1 
-------i=10-------
0 0 0 0 1 0 1 0 
0 0 0 0 0 0 1 1 
-------i=11-------
0 0 0 0 1 0 1 1 
0 0 0 0 0 1 1 1 
-------i=12-------
0 0 0 0 1 1 0 0 
0 0 0 0 0 0 1 1 
-------i=13-------
0 0 0 0 1 1 0 1 
0 0 0 0 0 1 1 1 
-------i=14-------
0 0 0 0 1 1 1 0 
0 0 0 0 0 1 1 1 
-------i=15-------
0 0 0 0 1 1 1 1 
0 0 0 0 1 1 1 1 
-------i=16-------
0 0 0 1 0 0 0 0 
0 0 0 0 0 0 0 1 
-------i=17-------
0 0 0 1 0 0 0 1 
0 0 0 0 0 0 1 1 
-------i=18-------
0 0 0 1 0 0 1 0 
0 0 0 0 0 0 1 1 
-------i=19-------
0 0 0 1 0 0 1 1 
0 0 0 0 0 1 1 1 
-------i=20-------
0 0 0 1 0 1 0 0 
0 0 0 0 0 0 1 1 
-------i=21-------
0 0 0 1 0 1 0 1 
0 0 0 0 0 1 1 1 
-------i=22-------
0 0 0 1 0 1 1 0 
0 0 0 0 0 1 1 1 
-------i=23-------
0 0 0 1 0 1 1 1 
0 0 0 0 1 1 1 1 
-------i=24-------
0 0 0 1 1 0 0 0 
0 0 0 0 0 0 1 1 
-------i=25-------
0 0 0 1 1 0 0 1 
0 0 0 0 0 1 1 1 
-------i=26-------
0 0 0 1 1 0 1 0 
0 0 0 0 0 1 1 1 
-------i=27-------
0 0 0 1 1 0 1 1 
0 0 0 0 1 1 1 1 
-------i=28-------
0 0 0 1 1 1 0 0 
0 0 0 0 0 1 1 1 
-------i=29-------
0 0 0 1 1 1 0 1 
0 0 0 0 1 1 1 1 
-------i=30-------
0 0 0 1 1 1 1 0 
0 0 0 0 1 1 1 1 
-------i=31-------
0 0 0 1 1 1 1 1 
0 0 0 1 1 1 1 1 
-------i=32-------
0 0 1 0 0 0 0 0 
0 0 0 0 0 0 0 1 
-------i=33-------
0 0 1 0 0 0 0 1 
0 0 0 0 0 0 1 1 
-------i=34-------
0 0 1 0 0 0 1 0 
0 0 0 0 0 0 1 1 
-------i=35-------
0 0 1 0 0 0 1 1 
0 0 0 0 0 1 1 1 
-------i=36-------
0 0 1 0 0 1 0 0 
0 0 0 0 0 0 1 1 
-------i=37-------
0 0 1 0 0 1 0 1 
0 0 0 0 0 1 1 1 
-------i=38-------
0 0 1 0 0 1 1 0 
0 0 0 0 0 1 1 1 
-------i=39-------
0 0 1 0 0 1 1 1 
0 0 0 0 1 1 1 1 
-------i=40-------
0 0 1 0 1 0 0 0 
0 0 0 0 0 0 1 1 
-------i=41-------
0 0 1 0 1 0 0 1 
0 0 0 0 0 1 1 1 
-------i=42-------
0 0 1 0 1 0 1 0 
0 0 0 0 0 1 1 1 
-------i=43-------
0 0 1 0 1 0 1 1 
0 0 0 0 1 1 1 1 
-------i=44-------
0 0 1 0 1 1 0 0 
0 0 0 0 0 1 1 1 
-------i=45-------
0 0 1 0 1 1 0 1 
0 0 0 0 1 1 1 1 
-------i=46-------
0 0 1 0 1 1 1 0 
0 0 0 0 1 1 1 1 
-------i=47-------
0 0 1 0 1 1 1 1 
0 0 0 1 1 1 1 1 
-------i=48-------
0 0 1 1 0 0 0 0 
0 0 0 0 0 0 1 1 
-------i=49-------
0 0 1 1 0 0 0 1 
0 0 0 0 0 1 1 1 
-------i=50-------
0 0 1 1 0 0 1 0 
0 0 0 0 0 1 1 1 
-------i=51-------
0 0 1 1 0 0 1 1 
0 0 0 0 1 1 1 1 
-------i=52-------
0 0 1 1 0 1 0 0 
0 0 0 0 0 1 1 1 
-------i=53-------
0 0 1 1 0 1 0 1 
0 0 0 0 1 1 1 1 
-------i=54-------
0 0 1 1 0 1 1 0 
0 0 0 0 1 1 1 1 
-------i=55-------
0 0 1 1 0 1 1 1 
0 0 0 1 1 1 1 1 
-------i=56-------
0 0 1 1 1 0 0 0 
0 0 0 0 0 1 1 1 
-------i=57-------
0 0 1 1 1 0 0 1 
0 0 0 0 1 1 1 1 
-------i=58-------
0 0 1 1 1 0 1 0 
0 0 0 0 1 1 1 1 
-------i=59-------
0 0 1 1 1 0 1 1 
0 0 0 1 1 1 1 1 
-------i=60-------
0 0 1 1 1 1 0 0 
0 0 0 0 1 1 1 1 
-------i=61-------
0 0 1 1 1 1 0 1 
0 0 0 1 1 1 1 1 
-------i=62-------
0 0 1 1 1 1 1 0 
0 0 0 1 1 1 1 1 
-------i=63-------
0 0 1 1 1 1 1 1 
0 0 1 1 1 1 1 1 
-------i=64-------
0 1 0 0 0 0 0 0 
0 0 0 0 0 0 0 1 
-------i=65-------
0 1 0 0 0 0 0 1 
0 0 0 0 0 0 1 1 
-------i=66-------
0 1 0 0 0 0 1 0 
0 0 0 0 0 0 1 1 
-------i=67-------
0 1 0 0 0 0 1 1 
0 0 0 0 0 1 1 1 
-------i=68-------
0 1 0 0 0 1 0 0 
0 0 0 0 0 0 1 1 
-------i=69-------
0 1 0 0 0 1 0 1 
0 0 0 0 0 1 1 1 
-------i=70-------
0 1 0 0 0 1 1 0 
0 0 0 0 0 1 1 1 
-------i=71-------
0 1 0 0 0 1 1 1 
0 0 0 0 1 1 1 1 
-------i=72-------
0 1 0 0 1 0 0 0 
0 0 0 0 0 0 1 1 
-------i=73-------
0 1 0 0 1 0 0 1 
0 0 0 0 0 1 1 1 
-------i=74-------
0 1 0 0 1 0 1 0 
0 0 0 0 0 1 1 1 
-------i=75-------
0 1 0 0 1 0 1 1 
0 0 0 0 1 1 1 1 
-------i=76-------
0 1 0 0 1 1 0 0 
0 0 0 0 0 1 1 1 
-------i=77-------
0 1 0 0 1 1 0 1 
0 0 0 0 1 1 1 1 
-------i=78-------
0 1 0 0 1 1 1 0 
0 0 0 0 1 1 1 1 
-------i=79-------
0 1 0 0 1 1 1 1 
0 0 0 1 1 1 1 1 
-------i=80-------
0 1 0 1 0 0 0 0 
0 0 0 0 0 0 1 1 
-------i=81-------
0 1 0 1 0 0 0 1 
0 0 0 0 0 1 1 1 
-------i=82-------
0 1 0 1 0 0 1 0 
0 0 0 0 0 1 1 1 
-------i=83-------
0 1 0 1 0 0 1 1 
0 0 0 0 1 1 1 1 
-------i=84-------
0 1 0 1 0 1 0 0 
0 0 0 0 0 1 1 1 
-------i=85-------
0 1 0 1 0 1 0 1 
0 0 0 0 1 1 1 1 
-------i=86-------
0 1 0 1 0 1 1 0 
0 0 0 0 1 1 1 1 
-------i=87-------
0 1 0 1 0 1 1 1 
0 0 0 1 1 1 1 1 
-------i=88-------
0 1 0 1 1 0 0 0 
0 0 0 0 0 1 1 1 
-------i=89-------
0 1 0 1 1 0 0 1 
0 0 0 0 1 1 1 1 
-------i=90-------
0 1 0 1 1 0 1 0 
0 0 0 0 1 1 1 1 
-------i=91-------
0 1 0 1 1 0 1 1 
0 0 0 1 1 1 1 1 
-------i=92-------
0 1 0 1 1 1 0 0 
0 0 0 0 1 1 1 1 
-------i=93-------
0 1 0 1 1 1 0 1 
0 0 0 1 1 1 1 1 
-------i=94-------
0 1 0 1 1 1 1 0 
0 0 0 1 1 1 1 1 
-------i=95-------
0 1 0 1 1 1 1 1 
0 0 1 1 1 1 1 1 
-------i=96-------
0 1 1 0 0 0 0 0 
0 0 0 0 0 0 1 1 
-------i=97-------
0 1 1 0 0 0 0 1 
0 0 0 0 0 1 1 1 
-------i=98-------
0 1 1 0 0 0 1 0 
0 0 0 0 0 1 1 1 
-------i=99-------
0 1 1 0 0 0 1 1 
0 0 0 0 1 1 1 1 
-------i=100-------
0 1 1 0 0 1 0 0 
0 0 0 0 0 1 1 1 
-------i=101-------
0 1 1 0 0 1 0 1 
0 0 0 0 1 1 1 1 
-------i=102-------
0 1 1 0 0 1 1 0 
0 0 0 0 1 1 1 1 
-------i=103-------
0 1 1 0 0 1 1 1 
0 0 0 1 1 1 1 1 
-------i=104-------
0 1 1 0 1 0 0 0 
0 0 0 0 0 1 1 1 
-------i=105-------
0 1 1 0 1 0 0 1 
0 0 0 0 1 1 1 1 
-------i=106-------
0 1 1 0 1 0 1 0 
0 0 0 0 1 1 1 1 
-------i=107-------
0 1 1 0 1 0 1 1 
0 0 0 1 1 1 1 1 
-------i=108-------
0 1 1 0 1 1 0 0 
0 0 0 0 1 1 1 1 
-------i=109-------
0 1 1 0 1 1 0 1 
0 0 0 1 1 1 1 1 
-------i=110-------
0 1 1 0 1 1 1 0 
0 0 0 1 1 1 1 1 
-------i=111-------
0 1 1 0 1 1 1 1 
0 0 1 1 1 1 1 1 
-------i=112-------
0 1 1 1 0 0 0 0 
0 0 0 0 0 1 1 1 
-------i=113-------
0 1 1 1 0 0 0 1 
0 0 0 0 1 1 1 1 
-------i=114-------
0 1 1 1 0 0 1 0 
0 0 0 0 1 1 1 1 
-------i=115-------
0 1 1 1 0 0 1 1 
0 0 0 1 1 1 1 1 
-------i=116-------
0 1 1 1 0 1 0 0 
0 0 0 0 1 1 1 1 
-------i=117-------
0 1 1 1 0 1 0 1 
0 0 0 1 1 1 1 1 
-------i=118-------
0 1 1 1 0 1 1 0 
0 0 0 1 1 1 1 1 
-------i=119-------
0 1 1 1 0 1 1 1 
0 0 1 1 1 1 1 1 
-------i=120-------
0 1 1 1 1 0 0 0 
0 0 0 0 1 1 1 1 
-------i=121-------
0 1 1 1 1 0 0 1 
0 0 0 1 1 1 1 1 
-------i=122-------
0 1 1 1 1 0 1 0 
0 0 0 1 1 1 1 1 
-------i=123-------
0 1 1 1 1 0 1 1 
0 0 1 1 1 1 1 1 
-------i=124-------
0 1 1 1 1 1 0 0 
0 0 0 1 1 1 1 1 
-------i=125-------
0 1 1 1 1 1 0 1 
0 0 1 1 1 1 1 1 
-------i=126-------
0 1 1 1 1 1 1 0 
0 0 1 1 1 1 1 1 
-------i=127-------
0 1 1 1 1 1 1 1 
0 1 1 1 1 1 1 1 
-------i=128-------
1 0 0 0 0 0 0 0 
0 0 0 0 0 0 0 1 
-------i=129-------
1 0 0 0 0 0 0 1 
0 0 0 0 0 0 1 1 
-------i=130-------
1 0 0 0 0 0 1 0 
0 0 0 0 0 0 1 1 
-------i=131-------
1 0 0 0 0 0 1 1 
0 0 0 0 0 1 1 1 
-------i=132-------
1 0 0 0 0 1 0 0 
0 0 0 0 0 0 1 1 
-------i=133-------
1 0 0 0 0 1 0 1 
0 0 0 0 0 1 1 1 
-------i=134-------
1 0 0 0 0 1 1 0 
0 0 0 0 0 1 1 1 
-------i=135-------
1 0 0 0 0 1 1 1 
0 0 0 0 1 1 1 1 
-------i=136-------
1 0 0 0 1 0 0 0 
0 0 0 0 0 0 1 1 
-------i=137-------
1 0 0 0 1 0 0 1 
0 0 0 0 0 1 1 1 
-------i=138-------
1 0 0 0 1 0 1 0 
0 0 0 0 0 1 1 1 
-------i=139-------
1 0 0 0 1 0 1 1 
0 0 0 0 1 1 1 1 
-------i=140-------
1 0 0 0 1 1 0 0 
0 0 0 0 0 1 1 1 
-------i=141-------
1 0 0 0 1 1 0 1 
0 0 0 0 1 1 1 1 
-------i=142-------
1 0 0 0 1 1 1 0 
0 0 0 0 1 1 1 1 
-------i=143-------
1 0 0 0 1 1 1 1 
0 0 0 1 1 1 1 1 
-------i=144-------
1 0 0 1 0 0 0 0 
0 0 0 0 0 0 1 1 
-------i=145-------
1 0 0 1 0 0 0 1 
0 0 0 0 0 1 1 1 
-------i=146-------
1 0 0 1 0 0 1 0 
0 0 0 0 0 1 1 1 
-------i=147-------
1 0 0 1 0 0 1 1 
0 0 0 0 1 1 1 1 
-------i=148-------
1 0 0 1 0 1 0 0 
0 0 0 0 0 1 1 1 
-------i=149-------
1 0 0 1 0 1 0 1 
0 0 0 0 1 1 1 1 
-------i=150-------
1 0 0 1 0 1 1 0 
0 0 0 0 1 1 1 1 
-------i=151-------
1 0 0 1 0 1 1 1 
0 0 0 1 1 1 1 1 
-------i=152-------
1 0 0 1 1 0 0 0 
0 0 0 0 0 1 1 1 
-------i=153-------
1 0 0 1 1 0 0 1 
0 0 0 0 1 1 1 1 
-------i=154-------
1 0 0 1 1 0 1 0 
0 0 0 0 1 1 1 1 
-------i=155-------
1 0 0 1 1 0 1 1 
0 0 0 1 1 1 1 1 
-------i=156-------
1 0 0 1 1 1 0 0 
0 0 0 0 1 1 1 1 
-------i=157-------
1 0 0 1 1 1 0 1 
0 0 0 1 1 1 1 1 
-------i=158-------
1 0 0 1 1 1 1 0 
0 0 0 1 1 1 1 1 
-------i=159-------
1 0 0 1 1 1 1 1 
0 0 1 1 1 1 1 1 
-------i=160-------
1 0 1 0 0 0 0 0 
0 0 0 0 0 0 1 1 
-------i=161-------
1 0 1 0 0 0 0 1 
0 0 0 0 0 1 1 1 
-------i=162-------
1 0 1 0 0 0 1 0 
0 0 0 0 0 1 1 1 
-------i=163-------
1 0 1 0 0 0 1 1 
0 0 0 0 1 1 1 1 
-------i=164-------
1 0 1 0 0 1 0 0 
0 0 0 0 0 1 1 1 
-------i=165-------
1 0 1 0 0 1 0 1 
0 0 0 0 1 1 1 1 
-------i=166-------
1 0 1 0 0 1 1 0 
0 0 0 0 1 1 1 1 
-------i=167-------
1 0 1 0 0 1 1 1 
0 0 0 1 1 1 1 1 
-------i=168-------
1 0 1 0 1 0 0 0 
0 0 0 0 0 1 1 1 
-------i=169-------
1 0 1 0 1 0 0 1 
0 0 0 0 1 1 1 1 
-------i=170-------
1 0 1 0 1 0 1 0 
0 0 0 0 1 1 1 1 
-------i=171-------
1 0 1 0 1 0 1 1 
0 0 0 1 1 1 1 1 
-------i=172-------
1 0 1 0 1 1 0 0 
0 0 0 0 1 1 1 1 
-------i=173-------
1 0 1 0 1 1 0 1 
0 0 0 1 1 1 1 1 
-------i=174-------
1 0 1 0 1 1 1 0 
0 0 0 1 1 1 1 1 
-------i=175-------
1 0 1 0 1 1 1 1 
0 0 1 1 1 1 1 1 
-------i=176-------
1 0 1 1 0 0 0 0 
0 0 0 0 0 1 1 1 
-------i=177-------
1 0 1 1 0 0 0 1 
0 0 0 0 1 1 1 1 
-------i=178-------
1 0 1 1 0 0 1 0 
0 0 0 0 1 1 1 1 
-------i=179-------
1 0 1 1 0 0 1 1 
0 0 0 1 1 1 1 1 
-------i=180-------
1 0 1 1 0 1 0 0 
0 0 0 0 1 1 1 1 
-------i=181-------
1 0 1 1 0 1 0 1 
0 0 0 1 1 1 1 1 
-------i=182-------
1 0 1 1 0 1 1 0 
0 0 0 1 1 1 1 1 
-------i=183-------
1 0 1 1 0 1 1 1 
0 0 1 1 1 1 1 1 
-------i=184-------
1 0 1 1 1 0 0 0 
0 0 0 0 1 1 1 1 
-------i=185-------
1 0 1 1 1 0 0 1 
0 0 0 1 1 1 1 1 
-------i=186-------
1 0 1 1 1 0 1 0 
0 0 0 1 1 1 1 1 
-------i=187-------
1 0 1 1 1 0 1 1 
0 0 1 1 1 1 1 1 
-------i=188-------
1 0 1 1 1 1 0 0 
0 0 0 1 1 1 1 1 
-------i=189-------
1 0 1 1 1 1 0 1 
0 0 1 1 1 1 1 1 
-------i=190-------
1 0 1 1 1 1 1 0 
0 0 1 1 1 1 1 1 
-------i=191-------
1 0 1 1 1 1 1 1 
0 1 1 1 1 1 1 1 
-------i=192-------
1 1 0 0 0 0 0 0 
0 0 0 0 0 0 1 1 
-------i=193-------
1 1 0 0 0 0 0 1 
0 0 0 0 0 1 1 1 
-------i=194-------
1 1 0 0 0 0 1 0 
0 0 0 0 0 1 1 1 
-------i=195-------
1 1 0 0 0 0 1 1 
0 0 0 0 1 1 1 1 
-------i=196-------
1 1 0 0 0 1 0 0 
0 0 0 0 0 1 1 1 
-------i=197-------
1 1 0 0 0 1 0 1 
0 0 0 0 1 1 1 1 
-------i=198-------
1 1 0 0 0 1 1 0 
0 0 0 0 1 1 1 1 
-------i=199-------
1 1 0 0 0 1 1 1 
0 0 0 1 1 1 1 1 
-------i=200-------
1 1 0 0 1 0 0 0 
0 0 0 0 0 1 1 1 
-------i=201-------
1 1 0 0 1 0 0 1 
0 0 0 0 1 1 1 1 
-------i=202-------
1 1 0 0 1 0 1 0 
0 0 0 0 1 1 1 1 
-------i=203-------
1 1 0 0 1 0 1 1 
0 0 0 1 1 1 1 1 
-------i=204-------
1 1 0 0 1 1 0 0 
0 0 0 0 1 1 1 1 
-------i=205-------
1 1 0 0 1 1 0 1 
0 0 0 1 1 1 1 1 
-------i=206-------
1 1 0 0 1 1 1 0 
0 0 0 1 1 1 1 1 
-------i=207-------
1 1 0 0 1 1 1 1 
0 0 1 1 1 1 1 1 
-------i=208-------
1 1 0 1 0 0 0 0 
0 0 0 0 0 1 1 1 
-------i=209-------
1 1 0 1 0 0 0 1 
0 0 0 0 1 1 1 1 
-------i=210-------
1 1 0 1 0 0 1 0 
0 0 0 0 1 1 1 1 
-------i=211-------
1 1 0 1 0 0 1 1 
0 0 0 1 1 1 1 1 
-------i=212-------
1 1 0 1 0 1 0 0 
0 0 0 0 1 1 1 1 
-------i=213-------
1 1 0 1 0 1 0 1 
0 0 0 1 1 1 1 1 
-------i=214-------
1 1 0 1 0 1 1 0 
0 0 0 1 1 1 1 1 
-------i=215-------
1 1 0 1 0 1 1 1 
0 0 1 1 1 1 1 1 
-------i=216-------
1 1 0 1 1 0 0 0 
0 0 0 0 1 1 1 1 
-------i=217-------
1 1 0 1 1 0 0 1 
0 0 0 1 1 1 1 1 
-------i=218-------
1 1 0 1 1 0 1 0 
0 0 0 1 1 1 1 1 
-------i=219-------
1 1 0 1 1 0 1 1 
0 0 1 1 1 1 1 1 
-------i=220-------
1 1 0 1 1 1 0 0 
0 0 0 1 1 1 1 1 
-------i=221-------
1 1 0 1 1 1 0 1 
0 0 1 1 1 1 1 1 
-------i=222-------
1 1 0 1 1 1 1 0 
0 0 1 1 1 1 1 1 
-------i=223-------
1 1 0 1 1 1 1 1 
0 1 1 1 1 1 1 1 
-------i=224-------
1 1 1 0 0 0 0 0 
0 0 0 0 0 1 1 1 
-------i=225-------
1 1 1 0 0 0 0 1 
0 0 0 0 1 1 1 1 
-------i=226-------
1 1 1 0 0 0 1 0 
0 0 0 0 1 1 1 1 
-------i=227-------
1 1 1 0 0 0 1 1 
0 0 0 1 1 1 1 1 
-------i=228-------
1 1 1 0 0 1 0 0 
0 0 0 0 1 1 1 1 
-------i=229-------
1 1 1 0 0 1 0 1 
0 0 0 1 1 1 1 1 
-------i=230-------
1 1 1 0 0 1 1 0 
0 0 0 1 1 1 1 1 
-------i=231-------
1 1 1 0 0 1 1 1 
0 0 1 1 1 1 1 1 
-------i=232-------
1 1 1 0 1 0 0 0 
0 0 0 0 1 1 1 1 
-------i=233-------
1 1 1 0 1 0 0 1 
0 0 0 1 1 1 1 1 
-------i=234-------
1 1 1 0 1 0 1 0 
0 0 0 1 1 1 1 1 
-------i=235-------
1 1 1 0 1 0 1 1 
0 0 1 1 1 1 1 1 
-------i=236-------
1 1 1 0 1 1 0 0 
0 0 0 1 1 1 1 1 
-------i=237-------
1 1 1 0 1 1 0 1 
0 0 1 1 1 1 1 1 
-------i=238-------
1 1 1 0 1 1 1 0 
0 0 1 1 1 1 1 1 
-------i=239-------
1 1 1 0 1 1 1 1 
0 1 1 1 1 1 1 1 
-------i=240-------
1 1 1 1 0 0 0 0 
0 0 0 0 1 1 1 1 
-------i=241-------
1 1 1 1 0 0 0 1 
0 0 0 1 1 1 1 1 
-------i=242-------
1 1 1 1 0 0 1 0 
0 0 0 1 1 1 1 1 
-------i=243-------
1 1 1 1 0 0 1 1 
0 0 1 1 1 1 1 1 
-------i=244-------
1 1 1 1 0 1 0 0 
0 0 0 1 1 1 1 1 
-------i=245-------
1 1 1 1 0 1 0 1 
0 0 1 1 1 1 1 1 
-------i=246-------
1 1 1 1 0 1 1 0 
0 0 1 1 1 1 1 1 
-------i=247-------
1 1 1 1 0 1 1 1 
0 1 1 1 1 1 1 1 
-------i=248-------
1 1 1 1 1 0 0 0 
0 0 0 1 1 1 1 1 
-------i=249-------
1 1 1 1 1 0 0 1 
0 0 1 1 1 1 1 1 
-------i=250-------
1 1 1 1 1 0 1 0 
0 0 1 1 1 1 1 1 
-------i=251-------
1 1 1 1 1 0 1 1 
0 1 1 1 1 1 1 1 
-------i=252-------
1 1 1 1 1 1 0 0 
0 0 1 1 1 1 1 1 
-------i=253-------
1 1 1 1 1 1 0 1 
0 1 1 1 1 1 1 1 
-------i=254-------
1 1 1 1 1 1 1 0 
0 1 1 1 1 1 1 1 
-------i=255-------
1 1 1 1 1 1 1 1 
1 1 1 1 1 1 1 1 
