100 988 530 1
200 2276 1290 1
400 5152 2983 1
800 11504 6695 1
1600 25408 15076 1
3200 55616 33237 1
6400 120832 72973 1
12800 260864 158651 1
25600 560128 342806 1
51200 1197056 736718 1
102400 2547712 1575528 1
204800 5402624 3354984 1
409600 11419648 7119018 1
819200 24068096 15057458 1
1638400 50593792 31747531 1
3276800 106102784 66766915 1
6553600 222035968 140074831 1
13107200 463732736 293230668 1
26214400 966787072 612627012 1
52428800 2012217344 1277572680 1
104857600 4181721088 2659815603 1
209715200 8678014976 5528915070 1
419430400 17985175552 11476446521 1
838860800 37228642304 23790104150 1
1677721600 76973867008 49254749981 1
3355443200 158980898816 101858334750 1
