100 448 289 1
200 1196 763 1
400 2992 1937 1
800 7184 4679 1
1600 16768 10992 1
3200 38336 25120 1
6400 86272 56626 1
12800 191744 125942 1
25600 421888 277470 1
51200 920576 606102 1
102400 1994752 1314307 1
204800 4296704 2832788 1
409600 9207808 6075065 1
819200 19644416 12967571 1
1638400 41746432 27570638 1
3276800 88408064 58411978 1
6553600 186646528 123360187 1
13107200 392953856 259806567 1
26214400 825229312 545773789 1
52428800 1729101824 1143878479 1
104857600 3615490048 2392430304 1
209715200 7545552896 4994106243 1
419430400 15720251392 10406875402 1
838860800 32698793984 21651037567 1
1677721600 67914170368 44976471032 1
3355443200 140861505536 93301773028 1
